256
108
286
73
34
11
48
189
429
244
185
178
494
178
141
41
342
433
6
237
250
322
60
18
181
97
65
279
117
23
315
64
429
285
93
378
433
42
233
399
471
30
278
279
368
167
151
93
341
110
18
359
136
394
330
8
28
95
496
443
41
240
463
449
413
138
71
353
360
396
261
26
235
423
232
384
400
114
157
198
19
246
394
286
415
184
358
190
156
382
251
67
308
120
72
384
464
204
197
263
424
111
239
145
352
368
23
433
179
19
148
215
253
387
340
467
465
141
365
385
93
268
374
201
270
74
151
402
392
256
229
47
354
331
24
102
255
423
116
360
441
417
185
254
61
298
80
103
390
197
391
53
439
39
30
345
431
319
154
387
342
332
110
53
426
133
16
354
74
183
8
239
476
39
482
492
382
66
456
71
223
120
45
152
238
32
150
27
91
344
427
171
486
483
89
376
442
196
464
8
236
51
52
220
212
102
289
94
114
435
42
337
153
29
344
31
342
47
446
66
164
496
107
308
412
254
242
40
471
419
414
195
57
258
65
87
90
365
357
110
298
264
273
33
53
47
251
71
276
6
74
192
288
297
472
450
190
413
191
25
222
121
411
46
461
336
462
463
289
229
269
434
81
442
434
17
110
91
332
180
246
243
218
356
21
380
76
235
112
447
32
173
439
58
283
412
45
271
461
3
491
18
118
359
38
354
99
239
387
150
89
435
409
43
155
38
192
443
209
230
477
456
444
295
407
493
355
183
337
448
229
120
19
3
346
290
276
192
149
111
144
89
201
487
346
411
166
235
147
135
9
81
335
368
474
121
181
76
219
56
18
247
53
65
468
360
356
338
310
328
396
216
461
411
332
163
347
300
267
481
224
329
487
327
82
371
492
149
337
13
247
425
46
334
358
288
42
197
7
173
246
69
232
302
366
353
332
318
349
368
87
12
466
144
408
468
281
429
452
71
491
300
164
455
115
113
24
340
303
481
50
25
321
350
54
416
5
199
96
182
327
134
155
344
61
69
49
16
224
489
302
363
475
158
211
51
166
230
449
290
335
378
363
35
102
272
339
54
455
476
364
240
129
452
9
174
385
97
115
428
495
187
82
491
339
2
179
456
337
244
320
10
487
307
154
345
368
50
451
384
