2
3
3
5
6
6
7
8
8
8
9
9
10
11
12
13
16
16
17
18
18
18
18
19
19
19
21
23
23
24
24
25
25
26
27
28
29
30
30
31
32
32
33
34
35
38
38
39
39
40
41
41
42
42
42
43
45
45
46
46
47
47
47
48
49
50
50
51
51
52
53
53
53
53
54
54
56
57
58
60
61
61
64
65
65
65
66
66
67
69
69
71
71
71
71
72
73
74
74
74
76
76
80
81
81
82
82
87
87
89
89
89
90
91
91
93
93
93
94
95
96
97
97
99
102
102
102
103
107
108
110
110
110
110
111
111
112
113
114
114
115
115
116
117
118
120
120
120
121
121
129
133
134
135
136
138
141
141
144
144
145
147
148
149
149
150
150
151
151
152
153
154
154
155
155
156
157
158
163
164
164
166
166
167
171
173
173
174
178
178
179
179
180
181
181
182
183
183
184
185
185
187
189
190
190
191
192
192
192
195
196
197
197
197
198
199
201
201
204
209
211
212
215
216
218
219
220
222
223
224
224
229
229
229
230
230
232
232
233
235
235
235
236
237
238
239
239
239
240
240
242
243
244
244
246
246
246
247
247
250
251
251
253
254
254
255
256
256
258
261
263
264
267
268
269
270
271
272
273
276
276
278
279
279
281
283
285
286
286
288
288
289
289
290
290
295
297
298
298
300
300
302
302
303
307
308
308
310
315
318
319
320
321
322
327
327
328
329
330
331
332
332
332
332
334
335
335
336
337
337
337
337
338
339
339
340
340
341
342
342
342
344
344
344
345
345
346
346
347
349
350
352
353
353
354
354
354
355
356
356
357
358
358
359
359
360
360
360
363
363
364
365
365
366
368
368
368
368
368
371
374
376
378
378
380
382
382
384
384
384
385
385
387
387
387
390
391
392
394
394
396
396
399
400
402
407
408
409
411
411
411
412
412
413
413
414
415
416
417
419
423
423
424
425
426
427
428
429
429
429
431
433
433
433
434
434
435
435
439
439
441
442
442
443
443
444
446
447
448
449
449
450
451
452
452
455
455
456
456
456
461
461
461
462
463
463
464
464
465
466
467
468
468
471
471
472
474
475
476
476
477
481
481
482
483
486
487
487
487
489
491
491
491
492
492
493
494
495
496
496
